File,AVERAGE POWER PER ORBIT [W],AVERAGE POWER PER SUNLIGHT [W],ECLIPSE DURATION [s],ECLIPSE ORBIT PERCENTAGE [%],SUNLIGHT DURATION [s],SUNLIGHT ORBIT PERCENTAGE [%]
orbit_500_ltan_10_output_+10_VELOCITY_NADIR_output.txt,43.56328492875031,68.08009372189197,2041.2945748602328,35.95741545243034,3635.6834536656265,64.04258454756966
orbit_500_ltan_10_output_+15_VELOCITY_NADIR_output.txt,43.114053261354236,67.37804152994258,2041.2950036964746,35.95742300638316,3635.6830248293845,64.04257699361685
orbit_500_ltan_10_output_+20_VELOCITY_NADIR_output.txt,42.37318866087009,66.2202255126267,2041.2953065729616,35.957428341554184,3635.6827219528977,64.04257165844581
orbit_500_ltan_10_output_+25_VELOCITY_NADIR_output.txt,41.3512981591637,64.62322280502822,2041.2955322706196,35.957432317219705,3635.68249625524,64.04256768278029
orbit_500_ltan_10_output_+30_VELOCITY_NADIR_output.txt,40.0531704120749,62.59451638086796,2041.2956229935821,35.9574339153052,3635.6824055322772,64.0425660846948
orbit_500_ltan_10_output_-10_VELOCITY_NADIR_output.txt,42.46475089579761,66.36328693258035,2041.2918233234943,35.957366984095174,3635.6862052023653,64.04263301590483
orbit_500_ltan_10_output_0_VELOCITY_NADIR_output.txt,43.579454934848584,68.10535173982386,2041.2934076872143,35.95739489267103,3635.684620838645,64.04260510732897
orbit_500_ltan_10_output_fault_1_VELOCITY_NADIR_output.txt,45.61360996381173,53.50643175101625,836.4850294562249,14.734688513026267,4840.492999069635,85.26531148697373
orbit_500_ltan_10_output_fault_2_VELOCITY_NADIR_output.txt,32.239762745156604,37.81872985102519,836.4852350607375,14.734692134750919,4840.492793465122,85.26530786524908
orbit_500_ltan_10_output_plus10_SUN_GS_output.txt,82.65554946690654,96.96837859536787,836.9509341286001,14.742895426458627,4840.027094397259,85.25710457354137
orbit_500_ltan_10_output_plus10_SUN_NADIR_output.txt,82.6595224762083,96.96836928476077,836.7323464140567,14.73904500263375,4840.245682111803,85.26095499736626
orbit_500_ltan_10_output_plus10_SUN_VELOCITY_output.txt,82.65872480328464,96.96837033925232,836.777516740458,14.739840678188147,4840.200511785401,85.26015932181186
orbit_500_ltan_10_output_plus10_VELOCITY_GS_output.txt,12.04774203696128,14.13180045607637,836.416179021598,14.733475712231886,4840.561849504262,85.2665242877681
orbit_500_ltan_10_output_plus10_VELOCITY_NADIR_output.txt,77.85291371825161,91.32533792573304,836.5208575914495,14.735319625830378,4840.45717093441,85.26468037416961
orbit_500_ltan_10_output_plus10_VELOCITY_SUN_output.txt,78.42571131467488,91.99546803089865,836.4837667220127,14.734666269955996,4840.494261803847,85.265333730044
orbit_500_ltan_12_output_+10_VELOCITY_NADIR_output.txt,17.25120407412915,27.70926018330244,2139.488508362755,37.68710214505297,3537.4895201631043,62.31289785494703
orbit_500_ltan_12_output_+15_VELOCITY_NADIR_output.txt,14.916028114541678,23.95842851467393,2139.4881380332226,37.68709562169617,3537.4898904926367,62.31290437830383
orbit_500_ltan_12_output_+20_VELOCITY_NADIR_output.txt,12.471327684727322,20.031676630337984,2139.4877403708747,37.68708861687167,3537.4902881549847,62.31291138312833
orbit_500_ltan_12_output_+25_VELOCITY_NADIR_output.txt,9.935034922107148,15.957806820780053,2139.4873008146333,37.68708087408599,3537.490727711226,62.31291912591401
orbit_500_ltan_12_output_+30_VELOCITY_NADIR_output.txt,7.335143703547782,11.781786035405872,2139.486814002747,37.68707229889187,3537.4912145231124,62.31292770110813
orbit_500_ltan_12_output_-10_VELOCITY_NADIR_output.txt,25.158542476685348,40.41026939914727,2139.4893972997165,37.68711780368256,3537.488631226143,62.31288219631744
orbit_500_ltan_12_output_0_VELOCITY_NADIR_output.txt,21.369121921384362,34.32355954426514,2139.4890459004564,37.68711161378261,3537.488982625403,62.31288838621739
orbit_500_ltan_12_output_SUN_GS_output.txt,53.50542159341668,85.95062072873577,2139.6133477155413,37.689301190956606,3537.364680810318,62.310698809043394
orbit_500_ltan_12_output_SUN_NADIR_output.txt,53.503627877972086,85.95063794652127,2139.6558762426416,37.690050331201405,3537.3221522832177,62.309949668798595
orbit_500_ltan_12_output_SUN_VELOCITY_output.txt,53.506363137223225,85.95061625206499,2139.5729913132336,37.688590312702274,3537.4050372126258,62.311409687297726
orbit_500_ltan_12_output_VELOCITY_GS_output.txt,19.04064059545988,30.582364522178523,2139.4899388952836,37.68712734389153,3537.488089630576,62.31287265610847
orbit_500_ltan_12_output_VELOCITY_NADIR_output.txt,21.369121921384362,34.32355954426514,2139.4890459004564,37.68711161378261,3537.488982625403,62.31288838621739
orbit_500_ltan_12_output_VELOCITY_SUN_output.txt,29.393499935128236,47.21268901004289,2139.489322373702,37.6871164838604,3537.488706152157,62.3128835161396
orbit_500_ltan_15_output_+10_VELOCITY_NADIR_output.txt,7.918586441066254,11.666679380736207,1821.1272238024046,32.0791663214398,3855.8508047234545,67.9208336785602
orbit_500_ltan_15_output_+15_VELOCITY_NADIR_output.txt,7.9185809576335915,11.6666760142952,1821.1282248262733,32.0791839544809,3855.849803699586,67.9208160455191
orbit_500_ltan_15_output_+20_VELOCITY_NADIR_output.txt,7.918575604969848,11.66667236642179,1821.1291448585698,32.07920016085499,3855.8488836672896,67.92079983914502
orbit_500_ltan_15_output_+25_VELOCITY_NADIR_output.txt,7.918570417265717,11.666668472294452,1821.1299874989043,32.07921500396924,3855.848041026955,67.92078499603076
orbit_500_ltan_15_output_+30_VELOCITY_NADIR_output.txt,7.918565479902162,11.666664457707293,1821.1307520558973,32.079228471644974,3855.847276469962,67.92077152835503
orbit_500_ltan_15_output_-10_VELOCITY_NADIR_output.txt,9.173400271839217,13.515427197105613,1821.1234359326736,32.07909959809312,3855.8545925931858,67.92090040190688
orbit_500_ltan_15_output_0_VELOCITY_NADIR_output.txt,0.011433701717178302,0.01684625385711077,1821.1252829636364,32.07913213355395,3855.852745562223,67.92086786644606
orbit_500_ltan_15_output_SUN_GS_output.txt,58.33166007483389,85.94904432721853,1821.3109176761463,32.0824020900621,3855.667110849713,67.91759790993791
orbit_500_ltan_15_output_SUN_NADIR_output.txt,58.33357205011756,85.9490299931455,1821.2386597173586,32.081129265710395,3855.739368808501,67.91887073428961
orbit_500_ltan_15_output_SUN_VELOCITY_output.txt,58.333079024459266,85.94903344962273,1821.2592259455814,32.08149153993657,3855.718802580278,67.91850846006344
orbit_500_ltan_15_output_VELOCITY_GS_output.txt,7.534693831854532,11.101152984011502,1821.1274146921653,32.07916968396401,3855.8506138336943,67.92083031603599
orbit_500_ltan_15_output_VELOCITY_NADIR_output.txt,0.011433701717178302,0.01684625385711077,1821.1252829636364,32.07913213355395,3855.852745562223,67.92086786644606
orbit_500_ltan_15_output_VELOCITY_SUN_output.txt,48.473209755170885,71.41712145483602,1821.1331310795658,32.079270378160324,3855.8448974462935,67.92072962183968
orbit_500_ltan_9_output_+10_VELOCITY_NADIR_output.txt,55.370817074671514,82.59278399976418,1868.313181947023,32.91034724036386,3808.6648465788367,67.08965275963614
orbit_500_ltan_9_output_+15_VELOCITY_NADIR_output.txt,56.011589780226934,83.5485849250384,1868.3137677697923,32.91035755963525,3808.664260756067,67.08964244036474
orbit_500_ltan_9_output_+20_VELOCITY_NADIR_output.txt,56.285646218167685,83.9573765775015,1868.3142276301771,32.910365660078526,3808.6638008956825,67.08963433992147
orbit_500_ltan_9_output_+25_VELOCITY_NADIR_output.txt,56.18814274276436,83.81193360038878,1868.3145416134867,32.91037119089629,3808.6634869123727,67.08962880910371
orbit_500_ltan_9_output_+30_VELOCITY_NADIR_output.txt,55.714095366696824,83.10482161024463,1868.3147233222062,32.910374391696415,3808.663305203653,67.08962560830358
orbit_500_ltan_9_output_-10_VELOCITY_NADIR_output.txt,49.259140167072665,73.47637951777114,1868.3097096286267,32.91028607545572,3808.668318897233,67.08971392454427
orbit_500_ltan_9_output_0_VELOCITY_NADIR_output.txt,52.997334355446874,79.05240724991103,1868.3116533040807,32.91032031330981,3808.6663752217787,67.08967968669019
orbit_500_ltan_9_output_SUN_GS_output.txt,57.61474977528324,85.94919718749888,1868.557048305728,32.91464294764826,3808.4209802201312,67.08535705235174
orbit_500_ltan_9_output_SUN_NADIR_output.txt,57.61672777057352,85.94918322838006,1868.4782515428453,32.91325494222554,3808.4997769830143,67.08674505777446
orbit_500_ltan_9_output_SUN_VELOCITY_output.txt,57.617075194876676,85.94918081874478,1868.4652370615133,32.91302569206345,3808.5127914643463,67.08697430793654
orbit_500_ltan_9_output_VELOCITY_GS_output.txt,43.10249552263343,64.2930107478041,1868.3101246153415,32.910293385449044,3808.667903910518,67.08970661455095
orbit_500_ltan_9_output_VELOCITY_NADIR_output.txt,52.997334355446874,79.05240724991103,1868.3116533040807,32.91032031330981,3808.6663752217787,67.08967968669019
orbit_500_ltan_9_output_VELOCITY_SUN_output.txt,46.87231867710397,69.91613427321509,1868.3116170666694,32.91031967498761,3808.66641145919,67.08968032501238
orbit_600_ltan_12_output_SUN_GS_output.txt,54.46046279384789,85.95120959138934,2124.3981213677803,36.619776622638284,3676.8336645587374,63.380223377361716
orbit_600_ltan_12_output_SUN_NADIR_output.txt,54.46017090617223,85.95121265704779,2124.4044108893827,36.61988503964065,3676.827375037135,63.38011496035935
orbit_600_ltan_12_output_SUN_VELOCITY_output.txt,54.460600581602414,85.95120921364013,2124.3909072865868,36.61965226833803,3676.840878639931,63.38034773166197
orbit_600_ltan_12_output_VELOCITY_GS_output.txt,19.11384599313967,30.163166282999267,2124.3718605883896,36.61932394671773,3676.859925338128,63.38067605328227
orbit_600_ltan_12_output_VELOCITY_NADIR_output.txt,21.377522827295333,33.73806283577902,2124.37133359922,36.61931486262681,3676.8604523272975,63.38068513737319
orbit_600_ltan_12_output_VELOCITY_SUN_output.txt,29.77165018504464,46.98560548671829,2124.3712896659054,36.619314105316704,3676.8604962606123,63.380685894683296
orbit_600_ltan_15_output_SUN_GS_output.txt,59.79797337039242,85.94951636412836,1764.238093758821,30.411439481504075,4036.9936921676967,69.58856051849592
orbit_600_ltan_15_output_SUN_NADIR_output.txt,59.79833530063822,85.94951340226551,1764.2244151421637,30.4112036933618,4037.007370784354,69.5887963066382
orbit_600_ltan_15_output_SUN_VELOCITY_output.txt,59.79821220068127,85.94951433251266,1764.2295528949396,30.411292256497447,4037.002233031578,69.58870774350255
orbit_600_ltan_15_output_VELOCITY_GS_output.txt,7.397583659383449,10.633497839513426,1764.201266145522,30.410804657476042,4037.0305197809957,69.58919534252396
orbit_600_ltan_15_output_VELOCITY_NADIR_output.txt,0.011282677451809487,0.016217053018254716,1764.199880973334,30.410780780267903,4037.0319049531836,69.5892192197321
orbit_600_ltan_15_output_VELOCITY_SUN_output.txt,49.64497588395723,71.35520168959776,1764.206350283181,30.410892296409404,4037.0254356433366,69.5891077035906
orbit_600_ltan_9_output_SUN_GS_output.txt,58.983759937048035,85.94970757959946,1818.656302538054,31.349485241220982,3982.575483388464,68.65051475877902
orbit_600_ltan_9_output_SUN_NADIR_output.txt,58.98412820652451,85.9497047958782,1818.6414066152747,31.34922846949855,3982.590379311243,68.65077153050146
orbit_600_ltan_9_output_SUN_VELOCITY_output.txt,58.984169476272875,85.9497044680058,1818.6399963174279,31.349204159181376,3982.5917896090896,68.65079584081863
orbit_600_ltan_9_output_VELOCITY_GS_output.txt,43.97911440150581,64.08326006311354,1818.606770310538,31.348631418630475,3982.6250156159795,68.65136858136952
orbit_600_ltan_9_output_VELOCITY_NADIR_output.txt,53.45814655428165,77.89626951753327,1818.6094897563437,31.348678295671522,3982.622296170174,68.65132170432848
orbit_600_ltan_9_output_VELOCITY_SUN_output.txt,47.914838291046706,69.81882989277507,1818.6082103962221,31.348656242421992,3982.6235755302955,68.651343757578
